{
 "cells": [
  {
   "cell_type": "markdown",
   "metadata": {},
   "source": [
    "<a id='home_cell'></a>\n",
    "## BLOG POST - Moderating Variables \n",
    "\n",
    "*Please note I have chosen to use GitHub / Jupyter notebooks in substitute of Tumblr for my blog assignments\n",
    "\n",
    "I have chosen to analyze the correlations of my prior continuous variables, but this time with a split out of the\n",
    "\"purpose\" variable.  This \"purpose\" variable is a high level explanative reason for the request of the loan. \n",
    "It is also the highest level of a hiearchy breakout of the data.  The other variables include \"interest rate\", \"revolving utilization rate\", \"debt to income ratio\", and \n",
    "adding \"annual income\" for good measure.  \n",
    "\n",
    "Upon analyzing the variables with the purpose of the loan, the correlation analysis doesn't look very differnt from\n",
    "prior analysis.  Previously I had identified a mild correlation at most between all the variables.\n",
    "When I dive into the defaulted breakout data set, I can start to see some interesting trends.\n",
    "When the purpose of the loan is \"renewable_energy\" - you can see a very high correlation between the revolving utilization and \n",
    "the interest rate. Also the \"vacation\" category has correlations that peaks past the .50 mark to .51 .  The only drawback\n",
    "to this conclusion is the sample size of these groups which is extremely small (20 and 59 samples).  This may not be a large\n",
    "enough sample of a population, or it may be acceptable because the company does not receive that many requests.  A \n",
    "follow up with a business anlayst might help shed more light.\n",
    "\n",
    "So given these two sub-sets of the purpose of the loan - I can expect that a higher interest rate is correlated with a higher revolving \n",
    "utilization rate within certain categories.  I could start to speculate that in those two categories, anyone seeking loans with a high\n",
    "debt-to-income ratio might be riskier and therefore recieve a higher interest rate.   "
   ]
  },
  {
   "cell_type": "code",
   "execution_count": 1,
   "metadata": {
    "collapsed": true
   },
   "outputs": [],
   "source": [
    "# imports\n",
    "import pandas\n",
    "import numpy\n",
    "import seaborn\n",
    "import matplotlib.pyplot as plt\n",
    "\n",
    "import statsmodels.formula.api as smf\n",
    "import statsmodels.formula.api as smf\n",
    "import statsmodels.stats.multicomp as multi \n",
    "\n",
    "import scipy.stats\n",
    "\n",
    "# for display multiple data frames below\n",
    "from IPython.core import display as ICD"
   ]
  },
  {
   "cell_type": "code",
   "execution_count": 2,
   "metadata": {
    "collapsed": true
   },
   "outputs": [],
   "source": [
    "# =====================\n",
    "# 2. DATA IMPORT \n",
    "# =====================\n",
    "# set working directory\n",
    "directory = '//Project/OneDrive/Coursera/Wesleyan_Course1/wk1_Assignment/'\n",
    "\n",
    "pdLoans = pandas.read_csv(directory + 'LoanStats3a.csv', low_memory=False)\n",
    "\n",
    "# =======================\n",
    "#  3. DATA TRANSFORMATIONS \n",
    "#  ======================= \n",
    "# Convert the data elements - just doing in \n",
    "pdLoans[\"int_rate_d\"] = pandas.to_numeric(pdLoans[\"int_rate\"].str.replace('%',''), errors='coerce')\n",
    "pdLoans[\"revol_util_d\"] = pandas.to_numeric(pdLoans[\"revol_util\"].str.replace('%',''), errors='coerce')\n",
    "\n",
    "# divide by 100 to get the true percentage\n",
    "pdLoans[\"int_rate_d\"] = pdLoans[\"int_rate_d\"] / 100.00\n",
    "pdLoans[\"revol_util_d\"] = pdLoans[\"revol_util_d\"] / 100.00\n",
    "\n",
    "# Convert and Bin the data\n",
    "pdLoans['int_rate_bin'] = pandas.cut(pdLoans.int_rate_d, [0.0,0.10,0.15,0.20,0.25,0.30])\n",
    "pdLoans['dti_bin'] = pandas.cut(pdLoans.dti, [0,1,10,20,30])\n",
    "pdLoans['revol_util_bin'] = pandas.cut(pdLoans.revol_util_d, [0,0.25,0.5,0.75,1])\n",
    "\n",
    "# Add a veriable for recoveries / collection_recovery_fee.  \n",
    "# If either is greather than 0, then assign a 1 to indicate a default\n",
    "# Create a function to Map\n",
    "def set_Defaulted (row):\n",
    "    if row['recoveries'] > 0:\n",
    "        return 1\n",
    "    if row['collection_recovery_fee'] > 0:\n",
    "        return 1\n",
    "    else:\n",
    "        return 0 \n",
    "\n",
    "pdLoans['defaulted'] = pdLoans.apply(lambda row: set_Defaulted(row), axis=1)\n",
    "\n",
    "# Here split out separate date set for the defaulted loans - for analayis use later\n",
    "pdLoansDefaulted = pdLoans[pdLoans['defaulted'] == 1]"
   ]
  },
  {
   "cell_type": "code",
   "execution_count": 3,
   "metadata": {
    "collapsed": true
   },
   "outputs": [],
   "source": [
    "## Potential Moderator Variables "
   ]
  },
  {
   "cell_type": "code",
   "execution_count": 4,
   "metadata": {
    "collapsed": true
   },
   "outputs": [],
   "source": [
    "# Clean out any na's as I will be using the correlation for the variables (grouped by categorical)\n",
    "pdLoans = pdLoans.dropna()\n",
    "pdLoansDefaulted = pdLoansDefaulted.dropna()"
   ]
  },
  {
   "cell_type": "code",
   "execution_count": 5,
   "metadata": {},
   "outputs": [
    {
     "data": {
      "text/html": [
       "<div>\n",
       "<style>\n",
       "    .dataframe thead tr:only-child th {\n",
       "        text-align: right;\n",
       "    }\n",
       "\n",
       "    .dataframe thead th {\n",
       "        text-align: left;\n",
       "    }\n",
       "\n",
       "    .dataframe tbody tr th {\n",
       "        vertical-align: top;\n",
       "    }\n",
       "</style>\n",
       "<table border=\"1\" class=\"dataframe\">\n",
       "  <thead>\n",
       "    <tr style=\"text-align: right;\">\n",
       "      <th></th>\n",
       "      <th>purpose</th>\n",
       "      <th>int_rate_d</th>\n",
       "      <th>dti</th>\n",
       "      <th>revol_util_d</th>\n",
       "      <th>annual_inc</th>\n",
       "    </tr>\n",
       "  </thead>\n",
       "  <tbody>\n",
       "    <tr>\n",
       "      <th>27</th>\n",
       "      <td>other</td>\n",
       "      <td>0.1677</td>\n",
       "      <td>13.97</td>\n",
       "      <td>0.595</td>\n",
       "      <td>50004.0</td>\n",
       "    </tr>\n",
       "    <tr>\n",
       "      <th>71</th>\n",
       "      <td>debt_consolidation</td>\n",
       "      <td>0.1677</td>\n",
       "      <td>20.22</td>\n",
       "      <td>0.675</td>\n",
       "      <td>75000.0</td>\n",
       "    </tr>\n",
       "    <tr>\n",
       "      <th>114</th>\n",
       "      <td>credit_card</td>\n",
       "      <td>0.1825</td>\n",
       "      <td>24.14</td>\n",
       "      <td>0.963</td>\n",
       "      <td>75000.0</td>\n",
       "    </tr>\n",
       "    <tr>\n",
       "      <th>120</th>\n",
       "      <td>credit_card</td>\n",
       "      <td>0.1349</td>\n",
       "      <td>14.15</td>\n",
       "      <td>0.912</td>\n",
       "      <td>67000.0</td>\n",
       "    </tr>\n",
       "    <tr>\n",
       "      <th>121</th>\n",
       "      <td>debt_consolidation</td>\n",
       "      <td>0.1065</td>\n",
       "      <td>22.80</td>\n",
       "      <td>0.542</td>\n",
       "      <td>45000.0</td>\n",
       "    </tr>\n",
       "  </tbody>\n",
       "</table>\n",
       "</div>"
      ],
      "text/plain": [
       "                purpose  int_rate_d    dti  revol_util_d  annual_inc\n",
       "27                other      0.1677  13.97         0.595     50004.0\n",
       "71   debt_consolidation      0.1677  20.22         0.675     75000.0\n",
       "114         credit_card      0.1825  24.14         0.963     75000.0\n",
       "120         credit_card      0.1349  14.15         0.912     67000.0\n",
       "121  debt_consolidation      0.1065  22.80         0.542     45000.0"
      ]
     },
     "execution_count": 5,
     "metadata": {},
     "output_type": "execute_result"
    }
   ],
   "source": [
    "# Subset out to only the variables I am interested in analyzing\n",
    "# will use this to do matrix correlations with\n",
    "pdLoansSub = pdLoans[['purpose','int_rate_d','dti','revol_util_d','annual_inc']]\n",
    "pdLoansSub.head()\n",
    "\n",
    "pdLoansDefaultedSub = pdLoansDefaulted[['purpose','int_rate_d','dti','revol_util_d','annual_inc']]\n",
    "pdLoansDefaultedSub.head()"
   ]
  },
  {
   "cell_type": "code",
   "execution_count": 6,
   "metadata": {},
   "outputs": [
    {
     "data": {
      "text/plain": [
       "array(['other', 'home_improvement', 'medical', 'debt_consolidation',\n",
       "       'small_business', 'credit_card', 'car', 'major_purchase', 'house',\n",
       "       'vacation', 'wedding', 'moving', 'renewable_energy', 'educational'], dtype=object)"
      ]
     },
     "execution_count": 6,
     "metadata": {},
     "output_type": "execute_result"
    }
   ],
   "source": [
    "pdLoans.purpose.unique()"
   ]
  },
  {
   "cell_type": "code",
   "execution_count": 7,
   "metadata": {},
   "outputs": [
    {
     "name": "stdout",
     "output_type": "stream",
     "text": [
      "car\n"
     ]
    },
    {
     "data": {
      "text/html": [
       "<div>\n",
       "<style>\n",
       "    .dataframe thead tr:only-child th {\n",
       "        text-align: right;\n",
       "    }\n",
       "\n",
       "    .dataframe thead th {\n",
       "        text-align: left;\n",
       "    }\n",
       "\n",
       "    .dataframe tbody tr th {\n",
       "        vertical-align: top;\n",
       "    }\n",
       "</style>\n",
       "<table border=\"1\" class=\"dataframe\">\n",
       "  <thead>\n",
       "    <tr style=\"text-align: right;\">\n",
       "      <th></th>\n",
       "      <th>int_rate_d</th>\n",
       "      <th>dti</th>\n",
       "      <th>revol_util_d</th>\n",
       "      <th>annual_inc</th>\n",
       "    </tr>\n",
       "  </thead>\n",
       "  <tbody>\n",
       "    <tr>\n",
       "      <th>int_rate_d</th>\n",
       "      <td>1.000000</td>\n",
       "      <td>0.040478</td>\n",
       "      <td>0.367449</td>\n",
       "      <td>-0.064433</td>\n",
       "    </tr>\n",
       "    <tr>\n",
       "      <th>dti</th>\n",
       "      <td>0.040478</td>\n",
       "      <td>1.000000</td>\n",
       "      <td>0.225557</td>\n",
       "      <td>-0.057979</td>\n",
       "    </tr>\n",
       "    <tr>\n",
       "      <th>revol_util_d</th>\n",
       "      <td>0.367449</td>\n",
       "      <td>0.225557</td>\n",
       "      <td>1.000000</td>\n",
       "      <td>0.022098</td>\n",
       "    </tr>\n",
       "    <tr>\n",
       "      <th>annual_inc</th>\n",
       "      <td>-0.064433</td>\n",
       "      <td>-0.057979</td>\n",
       "      <td>0.022098</td>\n",
       "      <td>1.000000</td>\n",
       "    </tr>\n",
       "  </tbody>\n",
       "</table>\n",
       "</div>"
      ],
      "text/plain": [
       "              int_rate_d       dti  revol_util_d  annual_inc\n",
       "int_rate_d      1.000000  0.040478      0.367449   -0.064433\n",
       "dti             0.040478  1.000000      0.225557   -0.057979\n",
       "revol_util_d    0.367449  0.225557      1.000000    0.022098\n",
       "annual_inc     -0.064433 -0.057979      0.022098    1.000000"
      ]
     },
     "metadata": {},
     "output_type": "display_data"
    },
    {
     "name": "stdout",
     "output_type": "stream",
     "text": [
      "\n",
      "credit_card\n"
     ]
    },
    {
     "data": {
      "text/html": [
       "<div>\n",
       "<style>\n",
       "    .dataframe thead tr:only-child th {\n",
       "        text-align: right;\n",
       "    }\n",
       "\n",
       "    .dataframe thead th {\n",
       "        text-align: left;\n",
       "    }\n",
       "\n",
       "    .dataframe tbody tr th {\n",
       "        vertical-align: top;\n",
       "    }\n",
       "</style>\n",
       "<table border=\"1\" class=\"dataframe\">\n",
       "  <thead>\n",
       "    <tr style=\"text-align: right;\">\n",
       "      <th></th>\n",
       "      <th>int_rate_d</th>\n",
       "      <th>dti</th>\n",
       "      <th>revol_util_d</th>\n",
       "      <th>annual_inc</th>\n",
       "    </tr>\n",
       "  </thead>\n",
       "  <tbody>\n",
       "    <tr>\n",
       "      <th>int_rate_d</th>\n",
       "      <td>1.000000</td>\n",
       "      <td>0.150737</td>\n",
       "      <td>0.478638</td>\n",
       "      <td>0.126150</td>\n",
       "    </tr>\n",
       "    <tr>\n",
       "      <th>dti</th>\n",
       "      <td>0.150737</td>\n",
       "      <td>1.000000</td>\n",
       "      <td>0.182148</td>\n",
       "      <td>-0.177029</td>\n",
       "    </tr>\n",
       "    <tr>\n",
       "      <th>revol_util_d</th>\n",
       "      <td>0.478638</td>\n",
       "      <td>0.182148</td>\n",
       "      <td>1.000000</td>\n",
       "      <td>0.046879</td>\n",
       "    </tr>\n",
       "    <tr>\n",
       "      <th>annual_inc</th>\n",
       "      <td>0.126150</td>\n",
       "      <td>-0.177029</td>\n",
       "      <td>0.046879</td>\n",
       "      <td>1.000000</td>\n",
       "    </tr>\n",
       "  </tbody>\n",
       "</table>\n",
       "</div>"
      ],
      "text/plain": [
       "              int_rate_d       dti  revol_util_d  annual_inc\n",
       "int_rate_d      1.000000  0.150737      0.478638    0.126150\n",
       "dti             0.150737  1.000000      0.182148   -0.177029\n",
       "revol_util_d    0.478638  0.182148      1.000000    0.046879\n",
       "annual_inc      0.126150 -0.177029      0.046879    1.000000"
      ]
     },
     "metadata": {},
     "output_type": "display_data"
    },
    {
     "name": "stdout",
     "output_type": "stream",
     "text": [
      "\n",
      "debt_consolidation\n"
     ]
    },
    {
     "data": {
      "text/html": [
       "<div>\n",
       "<style>\n",
       "    .dataframe thead tr:only-child th {\n",
       "        text-align: right;\n",
       "    }\n",
       "\n",
       "    .dataframe thead th {\n",
       "        text-align: left;\n",
       "    }\n",
       "\n",
       "    .dataframe tbody tr th {\n",
       "        vertical-align: top;\n",
       "    }\n",
       "</style>\n",
       "<table border=\"1\" class=\"dataframe\">\n",
       "  <thead>\n",
       "    <tr style=\"text-align: right;\">\n",
       "      <th></th>\n",
       "      <th>int_rate_d</th>\n",
       "      <th>dti</th>\n",
       "      <th>revol_util_d</th>\n",
       "      <th>annual_inc</th>\n",
       "    </tr>\n",
       "  </thead>\n",
       "  <tbody>\n",
       "    <tr>\n",
       "      <th>int_rate_d</th>\n",
       "      <td>1.000000</td>\n",
       "      <td>0.120508</td>\n",
       "      <td>0.421224</td>\n",
       "      <td>0.118719</td>\n",
       "    </tr>\n",
       "    <tr>\n",
       "      <th>dti</th>\n",
       "      <td>0.120508</td>\n",
       "      <td>1.000000</td>\n",
       "      <td>0.173139</td>\n",
       "      <td>-0.137480</td>\n",
       "    </tr>\n",
       "    <tr>\n",
       "      <th>revol_util_d</th>\n",
       "      <td>0.421224</td>\n",
       "      <td>0.173139</td>\n",
       "      <td>1.000000</td>\n",
       "      <td>0.056842</td>\n",
       "    </tr>\n",
       "    <tr>\n",
       "      <th>annual_inc</th>\n",
       "      <td>0.118719</td>\n",
       "      <td>-0.137480</td>\n",
       "      <td>0.056842</td>\n",
       "      <td>1.000000</td>\n",
       "    </tr>\n",
       "  </tbody>\n",
       "</table>\n",
       "</div>"
      ],
      "text/plain": [
       "              int_rate_d       dti  revol_util_d  annual_inc\n",
       "int_rate_d      1.000000  0.120508      0.421224    0.118719\n",
       "dti             0.120508  1.000000      0.173139   -0.137480\n",
       "revol_util_d    0.421224  0.173139      1.000000    0.056842\n",
       "annual_inc      0.118719 -0.137480      0.056842    1.000000"
      ]
     },
     "metadata": {},
     "output_type": "display_data"
    },
    {
     "name": "stdout",
     "output_type": "stream",
     "text": [
      "\n",
      "educational\n"
     ]
    },
    {
     "data": {
      "text/html": [
       "<div>\n",
       "<style>\n",
       "    .dataframe thead tr:only-child th {\n",
       "        text-align: right;\n",
       "    }\n",
       "\n",
       "    .dataframe thead th {\n",
       "        text-align: left;\n",
       "    }\n",
       "\n",
       "    .dataframe tbody tr th {\n",
       "        vertical-align: top;\n",
       "    }\n",
       "</style>\n",
       "<table border=\"1\" class=\"dataframe\">\n",
       "  <thead>\n",
       "    <tr style=\"text-align: right;\">\n",
       "      <th></th>\n",
       "      <th>int_rate_d</th>\n",
       "      <th>dti</th>\n",
       "      <th>revol_util_d</th>\n",
       "      <th>annual_inc</th>\n",
       "    </tr>\n",
       "  </thead>\n",
       "  <tbody>\n",
       "    <tr>\n",
       "      <th>int_rate_d</th>\n",
       "      <td>1.000000</td>\n",
       "      <td>0.122574</td>\n",
       "      <td>0.489856</td>\n",
       "      <td>-0.059321</td>\n",
       "    </tr>\n",
       "    <tr>\n",
       "      <th>dti</th>\n",
       "      <td>0.122574</td>\n",
       "      <td>1.000000</td>\n",
       "      <td>0.097159</td>\n",
       "      <td>0.131554</td>\n",
       "    </tr>\n",
       "    <tr>\n",
       "      <th>revol_util_d</th>\n",
       "      <td>0.489856</td>\n",
       "      <td>0.097159</td>\n",
       "      <td>1.000000</td>\n",
       "      <td>-0.110000</td>\n",
       "    </tr>\n",
       "    <tr>\n",
       "      <th>annual_inc</th>\n",
       "      <td>-0.059321</td>\n",
       "      <td>0.131554</td>\n",
       "      <td>-0.110000</td>\n",
       "      <td>1.000000</td>\n",
       "    </tr>\n",
       "  </tbody>\n",
       "</table>\n",
       "</div>"
      ],
      "text/plain": [
       "              int_rate_d       dti  revol_util_d  annual_inc\n",
       "int_rate_d      1.000000  0.122574      0.489856   -0.059321\n",
       "dti             0.122574  1.000000      0.097159    0.131554\n",
       "revol_util_d    0.489856  0.097159      1.000000   -0.110000\n",
       "annual_inc     -0.059321  0.131554     -0.110000    1.000000"
      ]
     },
     "metadata": {},
     "output_type": "display_data"
    },
    {
     "name": "stdout",
     "output_type": "stream",
     "text": [
      "\n",
      "home_improvement\n"
     ]
    },
    {
     "data": {
      "text/html": [
       "<div>\n",
       "<style>\n",
       "    .dataframe thead tr:only-child th {\n",
       "        text-align: right;\n",
       "    }\n",
       "\n",
       "    .dataframe thead th {\n",
       "        text-align: left;\n",
       "    }\n",
       "\n",
       "    .dataframe tbody tr th {\n",
       "        vertical-align: top;\n",
       "    }\n",
       "</style>\n",
       "<table border=\"1\" class=\"dataframe\">\n",
       "  <thead>\n",
       "    <tr style=\"text-align: right;\">\n",
       "      <th></th>\n",
       "      <th>int_rate_d</th>\n",
       "      <th>dti</th>\n",
       "      <th>revol_util_d</th>\n",
       "      <th>annual_inc</th>\n",
       "    </tr>\n",
       "  </thead>\n",
       "  <tbody>\n",
       "    <tr>\n",
       "      <th>int_rate_d</th>\n",
       "      <td>1.000000</td>\n",
       "      <td>0.090471</td>\n",
       "      <td>0.350242</td>\n",
       "      <td>0.029633</td>\n",
       "    </tr>\n",
       "    <tr>\n",
       "      <th>dti</th>\n",
       "      <td>0.090471</td>\n",
       "      <td>1.000000</td>\n",
       "      <td>0.263271</td>\n",
       "      <td>-0.112714</td>\n",
       "    </tr>\n",
       "    <tr>\n",
       "      <th>revol_util_d</th>\n",
       "      <td>0.350242</td>\n",
       "      <td>0.263271</td>\n",
       "      <td>1.000000</td>\n",
       "      <td>-0.004011</td>\n",
       "    </tr>\n",
       "    <tr>\n",
       "      <th>annual_inc</th>\n",
       "      <td>0.029633</td>\n",
       "      <td>-0.112714</td>\n",
       "      <td>-0.004011</td>\n",
       "      <td>1.000000</td>\n",
       "    </tr>\n",
       "  </tbody>\n",
       "</table>\n",
       "</div>"
      ],
      "text/plain": [
       "              int_rate_d       dti  revol_util_d  annual_inc\n",
       "int_rate_d      1.000000  0.090471      0.350242    0.029633\n",
       "dti             0.090471  1.000000      0.263271   -0.112714\n",
       "revol_util_d    0.350242  0.263271      1.000000   -0.004011\n",
       "annual_inc      0.029633 -0.112714     -0.004011    1.000000"
      ]
     },
     "metadata": {},
     "output_type": "display_data"
    },
    {
     "name": "stdout",
     "output_type": "stream",
     "text": [
      "\n",
      "house\n"
     ]
    },
    {
     "data": {
      "text/html": [
       "<div>\n",
       "<style>\n",
       "    .dataframe thead tr:only-child th {\n",
       "        text-align: right;\n",
       "    }\n",
       "\n",
       "    .dataframe thead th {\n",
       "        text-align: left;\n",
       "    }\n",
       "\n",
       "    .dataframe tbody tr th {\n",
       "        vertical-align: top;\n",
       "    }\n",
       "</style>\n",
       "<table border=\"1\" class=\"dataframe\">\n",
       "  <thead>\n",
       "    <tr style=\"text-align: right;\">\n",
       "      <th></th>\n",
       "      <th>int_rate_d</th>\n",
       "      <th>dti</th>\n",
       "      <th>revol_util_d</th>\n",
       "      <th>annual_inc</th>\n",
       "    </tr>\n",
       "  </thead>\n",
       "  <tbody>\n",
       "    <tr>\n",
       "      <th>int_rate_d</th>\n",
       "      <td>1.000000</td>\n",
       "      <td>-0.012186</td>\n",
       "      <td>0.243779</td>\n",
       "      <td>0.176329</td>\n",
       "    </tr>\n",
       "    <tr>\n",
       "      <th>dti</th>\n",
       "      <td>-0.012186</td>\n",
       "      <td>1.000000</td>\n",
       "      <td>0.272494</td>\n",
       "      <td>-0.089354</td>\n",
       "    </tr>\n",
       "    <tr>\n",
       "      <th>revol_util_d</th>\n",
       "      <td>0.243779</td>\n",
       "      <td>0.272494</td>\n",
       "      <td>1.000000</td>\n",
       "      <td>-0.055639</td>\n",
       "    </tr>\n",
       "    <tr>\n",
       "      <th>annual_inc</th>\n",
       "      <td>0.176329</td>\n",
       "      <td>-0.089354</td>\n",
       "      <td>-0.055639</td>\n",
       "      <td>1.000000</td>\n",
       "    </tr>\n",
       "  </tbody>\n",
       "</table>\n",
       "</div>"
      ],
      "text/plain": [
       "              int_rate_d       dti  revol_util_d  annual_inc\n",
       "int_rate_d      1.000000 -0.012186      0.243779    0.176329\n",
       "dti            -0.012186  1.000000      0.272494   -0.089354\n",
       "revol_util_d    0.243779  0.272494      1.000000   -0.055639\n",
       "annual_inc      0.176329 -0.089354     -0.055639    1.000000"
      ]
     },
     "metadata": {},
     "output_type": "display_data"
    },
    {
     "name": "stdout",
     "output_type": "stream",
     "text": [
      "\n",
      "major_purchase\n"
     ]
    },
    {
     "data": {
      "text/html": [
       "<div>\n",
       "<style>\n",
       "    .dataframe thead tr:only-child th {\n",
       "        text-align: right;\n",
       "    }\n",
       "\n",
       "    .dataframe thead th {\n",
       "        text-align: left;\n",
       "    }\n",
       "\n",
       "    .dataframe tbody tr th {\n",
       "        vertical-align: top;\n",
       "    }\n",
       "</style>\n",
       "<table border=\"1\" class=\"dataframe\">\n",
       "  <thead>\n",
       "    <tr style=\"text-align: right;\">\n",
       "      <th></th>\n",
       "      <th>int_rate_d</th>\n",
       "      <th>dti</th>\n",
       "      <th>revol_util_d</th>\n",
       "      <th>annual_inc</th>\n",
       "    </tr>\n",
       "  </thead>\n",
       "  <tbody>\n",
       "    <tr>\n",
       "      <th>int_rate_d</th>\n",
       "      <td>1.000000</td>\n",
       "      <td>0.089328</td>\n",
       "      <td>0.390841</td>\n",
       "      <td>-0.015935</td>\n",
       "    </tr>\n",
       "    <tr>\n",
       "      <th>dti</th>\n",
       "      <td>0.089328</td>\n",
       "      <td>1.000000</td>\n",
       "      <td>0.228711</td>\n",
       "      <td>-0.151390</td>\n",
       "    </tr>\n",
       "    <tr>\n",
       "      <th>revol_util_d</th>\n",
       "      <td>0.390841</td>\n",
       "      <td>0.228711</td>\n",
       "      <td>1.000000</td>\n",
       "      <td>0.004656</td>\n",
       "    </tr>\n",
       "    <tr>\n",
       "      <th>annual_inc</th>\n",
       "      <td>-0.015935</td>\n",
       "      <td>-0.151390</td>\n",
       "      <td>0.004656</td>\n",
       "      <td>1.000000</td>\n",
       "    </tr>\n",
       "  </tbody>\n",
       "</table>\n",
       "</div>"
      ],
      "text/plain": [
       "              int_rate_d       dti  revol_util_d  annual_inc\n",
       "int_rate_d      1.000000  0.089328      0.390841   -0.015935\n",
       "dti             0.089328  1.000000      0.228711   -0.151390\n",
       "revol_util_d    0.390841  0.228711      1.000000    0.004656\n",
       "annual_inc     -0.015935 -0.151390      0.004656    1.000000"
      ]
     },
     "metadata": {},
     "output_type": "display_data"
    },
    {
     "name": "stdout",
     "output_type": "stream",
     "text": [
      "\n",
      "medical\n"
     ]
    },
    {
     "data": {
      "text/html": [
       "<div>\n",
       "<style>\n",
       "    .dataframe thead tr:only-child th {\n",
       "        text-align: right;\n",
       "    }\n",
       "\n",
       "    .dataframe thead th {\n",
       "        text-align: left;\n",
       "    }\n",
       "\n",
       "    .dataframe tbody tr th {\n",
       "        vertical-align: top;\n",
       "    }\n",
       "</style>\n",
       "<table border=\"1\" class=\"dataframe\">\n",
       "  <thead>\n",
       "    <tr style=\"text-align: right;\">\n",
       "      <th></th>\n",
       "      <th>int_rate_d</th>\n",
       "      <th>dti</th>\n",
       "      <th>revol_util_d</th>\n",
       "      <th>annual_inc</th>\n",
       "    </tr>\n",
       "  </thead>\n",
       "  <tbody>\n",
       "    <tr>\n",
       "      <th>int_rate_d</th>\n",
       "      <td>1.000000</td>\n",
       "      <td>0.175485</td>\n",
       "      <td>0.459815</td>\n",
       "      <td>0.097493</td>\n",
       "    </tr>\n",
       "    <tr>\n",
       "      <th>dti</th>\n",
       "      <td>0.175485</td>\n",
       "      <td>1.000000</td>\n",
       "      <td>0.239293</td>\n",
       "      <td>-0.098468</td>\n",
       "    </tr>\n",
       "    <tr>\n",
       "      <th>revol_util_d</th>\n",
       "      <td>0.459815</td>\n",
       "      <td>0.239293</td>\n",
       "      <td>1.000000</td>\n",
       "      <td>0.092282</td>\n",
       "    </tr>\n",
       "    <tr>\n",
       "      <th>annual_inc</th>\n",
       "      <td>0.097493</td>\n",
       "      <td>-0.098468</td>\n",
       "      <td>0.092282</td>\n",
       "      <td>1.000000</td>\n",
       "    </tr>\n",
       "  </tbody>\n",
       "</table>\n",
       "</div>"
      ],
      "text/plain": [
       "              int_rate_d       dti  revol_util_d  annual_inc\n",
       "int_rate_d      1.000000  0.175485      0.459815    0.097493\n",
       "dti             0.175485  1.000000      0.239293   -0.098468\n",
       "revol_util_d    0.459815  0.239293      1.000000    0.092282\n",
       "annual_inc      0.097493 -0.098468      0.092282    1.000000"
      ]
     },
     "metadata": {},
     "output_type": "display_data"
    },
    {
     "name": "stdout",
     "output_type": "stream",
     "text": [
      "\n",
      "moving\n"
     ]
    },
    {
     "data": {
      "text/html": [
       "<div>\n",
       "<style>\n",
       "    .dataframe thead tr:only-child th {\n",
       "        text-align: right;\n",
       "    }\n",
       "\n",
       "    .dataframe thead th {\n",
       "        text-align: left;\n",
       "    }\n",
       "\n",
       "    .dataframe tbody tr th {\n",
       "        vertical-align: top;\n",
       "    }\n",
       "</style>\n",
       "<table border=\"1\" class=\"dataframe\">\n",
       "  <thead>\n",
       "    <tr style=\"text-align: right;\">\n",
       "      <th></th>\n",
       "      <th>int_rate_d</th>\n",
       "      <th>dti</th>\n",
       "      <th>revol_util_d</th>\n",
       "      <th>annual_inc</th>\n",
       "    </tr>\n",
       "  </thead>\n",
       "  <tbody>\n",
       "    <tr>\n",
       "      <th>int_rate_d</th>\n",
       "      <td>1.000000</td>\n",
       "      <td>0.116479</td>\n",
       "      <td>0.426737</td>\n",
       "      <td>0.147431</td>\n",
       "    </tr>\n",
       "    <tr>\n",
       "      <th>dti</th>\n",
       "      <td>0.116479</td>\n",
       "      <td>1.000000</td>\n",
       "      <td>0.186856</td>\n",
       "      <td>-0.099632</td>\n",
       "    </tr>\n",
       "    <tr>\n",
       "      <th>revol_util_d</th>\n",
       "      <td>0.426737</td>\n",
       "      <td>0.186856</td>\n",
       "      <td>1.000000</td>\n",
       "      <td>0.093134</td>\n",
       "    </tr>\n",
       "    <tr>\n",
       "      <th>annual_inc</th>\n",
       "      <td>0.147431</td>\n",
       "      <td>-0.099632</td>\n",
       "      <td>0.093134</td>\n",
       "      <td>1.000000</td>\n",
       "    </tr>\n",
       "  </tbody>\n",
       "</table>\n",
       "</div>"
      ],
      "text/plain": [
       "              int_rate_d       dti  revol_util_d  annual_inc\n",
       "int_rate_d      1.000000  0.116479      0.426737    0.147431\n",
       "dti             0.116479  1.000000      0.186856   -0.099632\n",
       "revol_util_d    0.426737  0.186856      1.000000    0.093134\n",
       "annual_inc      0.147431 -0.099632      0.093134    1.000000"
      ]
     },
     "metadata": {},
     "output_type": "display_data"
    },
    {
     "name": "stdout",
     "output_type": "stream",
     "text": [
      "\n",
      "other\n"
     ]
    },
    {
     "data": {
      "text/html": [
       "<div>\n",
       "<style>\n",
       "    .dataframe thead tr:only-child th {\n",
       "        text-align: right;\n",
       "    }\n",
       "\n",
       "    .dataframe thead th {\n",
       "        text-align: left;\n",
       "    }\n",
       "\n",
       "    .dataframe tbody tr th {\n",
       "        vertical-align: top;\n",
       "    }\n",
       "</style>\n",
       "<table border=\"1\" class=\"dataframe\">\n",
       "  <thead>\n",
       "    <tr style=\"text-align: right;\">\n",
       "      <th></th>\n",
       "      <th>int_rate_d</th>\n",
       "      <th>dti</th>\n",
       "      <th>revol_util_d</th>\n",
       "      <th>annual_inc</th>\n",
       "    </tr>\n",
       "  </thead>\n",
       "  <tbody>\n",
       "    <tr>\n",
       "      <th>int_rate_d</th>\n",
       "      <td>1.000000</td>\n",
       "      <td>0.107703</td>\n",
       "      <td>0.387628</td>\n",
       "      <td>0.097675</td>\n",
       "    </tr>\n",
       "    <tr>\n",
       "      <th>dti</th>\n",
       "      <td>0.107703</td>\n",
       "      <td>1.000000</td>\n",
       "      <td>0.210073</td>\n",
       "      <td>-0.117160</td>\n",
       "    </tr>\n",
       "    <tr>\n",
       "      <th>revol_util_d</th>\n",
       "      <td>0.387628</td>\n",
       "      <td>0.210073</td>\n",
       "      <td>1.000000</td>\n",
       "      <td>0.080504</td>\n",
       "    </tr>\n",
       "    <tr>\n",
       "      <th>annual_inc</th>\n",
       "      <td>0.097675</td>\n",
       "      <td>-0.117160</td>\n",
       "      <td>0.080504</td>\n",
       "      <td>1.000000</td>\n",
       "    </tr>\n",
       "  </tbody>\n",
       "</table>\n",
       "</div>"
      ],
      "text/plain": [
       "              int_rate_d       dti  revol_util_d  annual_inc\n",
       "int_rate_d      1.000000  0.107703      0.387628    0.097675\n",
       "dti             0.107703  1.000000      0.210073   -0.117160\n",
       "revol_util_d    0.387628  0.210073      1.000000    0.080504\n",
       "annual_inc      0.097675 -0.117160      0.080504    1.000000"
      ]
     },
     "metadata": {},
     "output_type": "display_data"
    },
    {
     "name": "stdout",
     "output_type": "stream",
     "text": [
      "\n",
      "renewable_energy\n"
     ]
    },
    {
     "data": {
      "text/html": [
       "<div>\n",
       "<style>\n",
       "    .dataframe thead tr:only-child th {\n",
       "        text-align: right;\n",
       "    }\n",
       "\n",
       "    .dataframe thead th {\n",
       "        text-align: left;\n",
       "    }\n",
       "\n",
       "    .dataframe tbody tr th {\n",
       "        vertical-align: top;\n",
       "    }\n",
       "</style>\n",
       "<table border=\"1\" class=\"dataframe\">\n",
       "  <thead>\n",
       "    <tr style=\"text-align: right;\">\n",
       "      <th></th>\n",
       "      <th>int_rate_d</th>\n",
       "      <th>dti</th>\n",
       "      <th>revol_util_d</th>\n",
       "      <th>annual_inc</th>\n",
       "    </tr>\n",
       "  </thead>\n",
       "  <tbody>\n",
       "    <tr>\n",
       "      <th>int_rate_d</th>\n",
       "      <td>1.000000</td>\n",
       "      <td>-0.272722</td>\n",
       "      <td>0.282419</td>\n",
       "      <td>0.109799</td>\n",
       "    </tr>\n",
       "    <tr>\n",
       "      <th>dti</th>\n",
       "      <td>-0.272722</td>\n",
       "      <td>1.000000</td>\n",
       "      <td>0.174758</td>\n",
       "      <td>-0.320160</td>\n",
       "    </tr>\n",
       "    <tr>\n",
       "      <th>revol_util_d</th>\n",
       "      <td>0.282419</td>\n",
       "      <td>0.174758</td>\n",
       "      <td>1.000000</td>\n",
       "      <td>-0.072220</td>\n",
       "    </tr>\n",
       "    <tr>\n",
       "      <th>annual_inc</th>\n",
       "      <td>0.109799</td>\n",
       "      <td>-0.320160</td>\n",
       "      <td>-0.072220</td>\n",
       "      <td>1.000000</td>\n",
       "    </tr>\n",
       "  </tbody>\n",
       "</table>\n",
       "</div>"
      ],
      "text/plain": [
       "              int_rate_d       dti  revol_util_d  annual_inc\n",
       "int_rate_d      1.000000 -0.272722      0.282419    0.109799\n",
       "dti            -0.272722  1.000000      0.174758   -0.320160\n",
       "revol_util_d    0.282419  0.174758      1.000000   -0.072220\n",
       "annual_inc      0.109799 -0.320160     -0.072220    1.000000"
      ]
     },
     "metadata": {},
     "output_type": "display_data"
    },
    {
     "name": "stdout",
     "output_type": "stream",
     "text": [
      "\n",
      "small_business\n"
     ]
    },
    {
     "data": {
      "text/html": [
       "<div>\n",
       "<style>\n",
       "    .dataframe thead tr:only-child th {\n",
       "        text-align: right;\n",
       "    }\n",
       "\n",
       "    .dataframe thead th {\n",
       "        text-align: left;\n",
       "    }\n",
       "\n",
       "    .dataframe tbody tr th {\n",
       "        vertical-align: top;\n",
       "    }\n",
       "</style>\n",
       "<table border=\"1\" class=\"dataframe\">\n",
       "  <thead>\n",
       "    <tr style=\"text-align: right;\">\n",
       "      <th></th>\n",
       "      <th>int_rate_d</th>\n",
       "      <th>dti</th>\n",
       "      <th>revol_util_d</th>\n",
       "      <th>annual_inc</th>\n",
       "    </tr>\n",
       "  </thead>\n",
       "  <tbody>\n",
       "    <tr>\n",
       "      <th>int_rate_d</th>\n",
       "      <td>1.000000</td>\n",
       "      <td>0.069677</td>\n",
       "      <td>0.367371</td>\n",
       "      <td>0.085735</td>\n",
       "    </tr>\n",
       "    <tr>\n",
       "      <th>dti</th>\n",
       "      <td>0.069677</td>\n",
       "      <td>1.000000</td>\n",
       "      <td>0.199043</td>\n",
       "      <td>-0.079972</td>\n",
       "    </tr>\n",
       "    <tr>\n",
       "      <th>revol_util_d</th>\n",
       "      <td>0.367371</td>\n",
       "      <td>0.199043</td>\n",
       "      <td>1.000000</td>\n",
       "      <td>0.055061</td>\n",
       "    </tr>\n",
       "    <tr>\n",
       "      <th>annual_inc</th>\n",
       "      <td>0.085735</td>\n",
       "      <td>-0.079972</td>\n",
       "      <td>0.055061</td>\n",
       "      <td>1.000000</td>\n",
       "    </tr>\n",
       "  </tbody>\n",
       "</table>\n",
       "</div>"
      ],
      "text/plain": [
       "              int_rate_d       dti  revol_util_d  annual_inc\n",
       "int_rate_d      1.000000  0.069677      0.367371    0.085735\n",
       "dti             0.069677  1.000000      0.199043   -0.079972\n",
       "revol_util_d    0.367371  0.199043      1.000000    0.055061\n",
       "annual_inc      0.085735 -0.079972      0.055061    1.000000"
      ]
     },
     "metadata": {},
     "output_type": "display_data"
    },
    {
     "name": "stdout",
     "output_type": "stream",
     "text": [
      "\n",
      "vacation\n"
     ]
    },
    {
     "data": {
      "text/html": [
       "<div>\n",
       "<style>\n",
       "    .dataframe thead tr:only-child th {\n",
       "        text-align: right;\n",
       "    }\n",
       "\n",
       "    .dataframe thead th {\n",
       "        text-align: left;\n",
       "    }\n",
       "\n",
       "    .dataframe tbody tr th {\n",
       "        vertical-align: top;\n",
       "    }\n",
       "</style>\n",
       "<table border=\"1\" class=\"dataframe\">\n",
       "  <thead>\n",
       "    <tr style=\"text-align: right;\">\n",
       "      <th></th>\n",
       "      <th>int_rate_d</th>\n",
       "      <th>dti</th>\n",
       "      <th>revol_util_d</th>\n",
       "      <th>annual_inc</th>\n",
       "    </tr>\n",
       "  </thead>\n",
       "  <tbody>\n",
       "    <tr>\n",
       "      <th>int_rate_d</th>\n",
       "      <td>1.000000</td>\n",
       "      <td>0.137222</td>\n",
       "      <td>0.448500</td>\n",
       "      <td>0.121935</td>\n",
       "    </tr>\n",
       "    <tr>\n",
       "      <th>dti</th>\n",
       "      <td>0.137222</td>\n",
       "      <td>1.000000</td>\n",
       "      <td>0.295982</td>\n",
       "      <td>-0.104262</td>\n",
       "    </tr>\n",
       "    <tr>\n",
       "      <th>revol_util_d</th>\n",
       "      <td>0.448500</td>\n",
       "      <td>0.295982</td>\n",
       "      <td>1.000000</td>\n",
       "      <td>0.143747</td>\n",
       "    </tr>\n",
       "    <tr>\n",
       "      <th>annual_inc</th>\n",
       "      <td>0.121935</td>\n",
       "      <td>-0.104262</td>\n",
       "      <td>0.143747</td>\n",
       "      <td>1.000000</td>\n",
       "    </tr>\n",
       "  </tbody>\n",
       "</table>\n",
       "</div>"
      ],
      "text/plain": [
       "              int_rate_d       dti  revol_util_d  annual_inc\n",
       "int_rate_d      1.000000  0.137222      0.448500    0.121935\n",
       "dti             0.137222  1.000000      0.295982   -0.104262\n",
       "revol_util_d    0.448500  0.295982      1.000000    0.143747\n",
       "annual_inc      0.121935 -0.104262      0.143747    1.000000"
      ]
     },
     "metadata": {},
     "output_type": "display_data"
    },
    {
     "name": "stdout",
     "output_type": "stream",
     "text": [
      "\n",
      "wedding\n"
     ]
    },
    {
     "data": {
      "text/html": [
       "<div>\n",
       "<style>\n",
       "    .dataframe thead tr:only-child th {\n",
       "        text-align: right;\n",
